2

0111 Lusitanus 725, 23. 0111111 Vinicianus 661, 8. >

0. Cato 716, 16. Comana 613, 621. 659, 12.
Catulus 785, 1. Q. Cominius 687,28.666, 8.
Caturiges 261, 13. Commagenus 565,1.
0111111111361, 19. 362, 11. 368,19. Commius Atrebas 336, 23. 313, 11.
0111111111 115, 12. 31626. 369, 15. 381,15.156,18.19.
mmmmmmmm lmmmmmmmsmm.
P. Cauoilius 737, 6. 173,17. 171, 6-25. 167, 16-166, 1.
1.. 01111 puter et 61111 713,15. Condrusi 261, 3. 331, 15.398,21.
011111 255, 2. 011111611111 167,17.

0111151111 513, 17. 523, 26. 01111 758, 6. 762, 11.

011111111 168, 5. Ρ. 011111611126813.18.27.
Cenomani. 7111111111. C. Considius 1111511559,1.666,8.
011111111261,13. 26. 667,-3 11. 111111611111.
0111111666,26.682,26. 011· 705, 267,11 17. 715,1.1

11111111 583,1. 0. 01111611161111713,16.
10111111713,16. Conuictolitauis 123, 21.121,16.
0111111 mous 116 612. 138,3. 126, 21. 126, 17. 136,.3 137,8 115,
011111111366,11.11.

0111611175629. 0. 015111156516.577,16.
Charisius 756, 3. 0111511561, 5 566, 7. 17. [568, 27.]
05111111111626,2. 571, 7. 23. 561, 3. 616, 13.
05111111387,13.11. 011151111511568,13.

011111. 7166111111. Corduba 517 , 3. 5. 6. 518, 3. 6. 15.
0111111561, 6. 12. 616, 2.,622 8.6,21 111,11.111,11.11.1111111111.

lens 63713. 636, 5.613,.8 658, 21. 26 655,1. 11. 15. 657, 27. 718, 15.

659, 78. 011111161618. 01-716,2.726,3.12.11.721, 6.723,13.

111111111619, 23. 17. 721, 1. 736, 23. 21 737, 5. 13 18.
011511111277, 12 11111.111111111111111111.
0111511275, 17. 279, 15. 263, 1. 367, 655, 19. 23. 656, 21. 716, 13. 726 6

21 153, 2.8. 01161111561 ,21 562, 3. 19. 563,
01151518, 21. 17 26. 565, 16. 21. 566, 11. 511, 16.
Cingetorix Treuir350‚ 16. 18. 351, 552, 7. 9. 551, 12. 568, 3. 771, 7.

6386, 2 12. 366, 5 01161111111 591, 16. 695, 11. 555, 21.
Cingetorix 611111111366,8. 01111111 110111111111 111111 556,
Cingulum 5616 16. 551, 8. 553, 12. 558, 15. ’
L 01111756, 7. Cornelia 75616.

01111677,26. Ρ. 011111111795,23.

Cisalpina 0111113823. 011111111611111169,11126713.
1.. 0111 111668,15.18.766,36. 111,11.717,11.111,11.77 26. 22.
01116111111382,21. “ 771, 2. 5. 21 775, 3. 786, 1. 787, 3. 23.
011111661611. 768,1.

Claterna 788, 26, CorneliusBaibus 1111111776, 25. 26.
,1101116111316111111 776, 31.

01116111 61111111 756, 2. 01. Cornelius Dolabella (11111. e.
1111111111111111111111,111111131111.11117111.

1 01. Cornelius Dolabella (praet a.
0116111 Pulcher 166 2111. 575, 3. 81) 716, 12.

775, 21. Ρ. 011111111 Dolabella 771 16.

A. 0116111593, 9. 21. 611, 21. 777, 011111111111111716,3.

28. Q. 0111161111615, 15. 617, 1.23.
0116111 Aequitius 731,2. testamentarii. .
011511110115111519,22.25666, 0111111 1111111111116111.165,6.

5. 9. 171,13.172,1.11.173,3.11.25.

0. 01111111 663, 25. 01111111111352,21.
Cocosates 326,21. 01111’ 11 1511 Thurino 575,15.
11.01111111111111,11.111,1.11. Cosanum 111 Etruria 511,18.

28. 575,17.718,18.22. 1.. (0.) Cotta 719,25.

 

