INABX Μ

Asparagium 67991. 68911. 968, 6. 291,11.295,11.19.999,99 919,
19. 99. 9,6.16. 991, 1. 999, 1. 911,19. 917,
1666616 791, 7 19. 11. 918, 6. 961, 11. 111, 19189, 9.

166 66666791, 8. 729, 19. 192, 16.

1616611 7698. 18. 161, 1999. 86161666 966, 17. 9199187, 7. 18.

1616 7997 16166666 799 99 1891919911.

116666 791 7. 19. 99. 91. 799, 99. 8611666 669 19.

7291191. 7991 Bellonae! 299 8. 991, 19. 998, 8.
1166166616 691, 96. 999, 16. 91. 9991. 971, 1. 199, 11. 29.
1166666661, 6. 169, 8. 16 169, 2. 161, 9. 91. 98166,
Q. 1116696666 177,16.689,17. 1.19.168,11.169,19.179,11.171,8.
Atrebates 291 1. 999, 21 (116666· 19. 179, 1.1 99. 91. 98. 171, 8. 189, 9.

116). 991, 7. 999, 29. 971, 8. 159, 11. 8666666 6621

166, 9. 117, 99. Bessi 666, 61
Q. 116166 961,9.19. 81666616 Haeduorum 969, 11197,
P. Atrius 791, 22. 71916. 6.19119,19.1697.162,7.169,7.
111166 769, 19. 29. 761, 7. Bibrax 1166666661 29916,

P. Attius 96666 599, 7. 9. 11. 16. Bibroci 96999.

69926. 6191996669 1126. 661, M. 8166166 666, 17. 6691. 9. 17.

9998.65911.195599559913· 67999. 27. 671, 19. 9191. 67999.

16. 157,9.5.1.13.118,1.111,11. 5661. 66666.

692, 6. 8. 688, 1. 6. 698, 11.,21. 6998. 81666616666 996, 99.

91. 7992. 71929799, 19. 79911. Bithynia 661,6.168,96.661,9.

11116666 6999966997. 8116 6166669, 16. 8616666 761,
11116696116666 699, 91-99, 1. 11.

Auaricum 11911. 111,11.91.96. 81166166 6966, 16. 199, 6-16. 119
116, 96. 122, 19. 29. 199, 6. 19. 11. 99. 111,8.112,11.19.1,19 11. 19.
199,11.196,16.689,11.11.661- 111, 19. 11. 118, 7. 122, 11. 169, 7.
66661619911.1699169,9.11.91.28.111,8118,

16666166. th. C. 666666. 67,76 91

C. Auienus 699817. 81668666 76922.

Aulerci 919, 5, 3179911919165, Blesamius 779, 91,

9. 86666661666169, 1. 86666661169, 8666666 677, 18.

19. 8166661666921,716912 868666 66166991,.17
1.. 16666661616686116298, 18919, Boeotia 661, 16. 769, 19.

99. 918, 9. 961, 96. 962, 16-998, 19. 866 68 666 16. 66998. 667, 9176,

97916999, 9.1,99 96 17.

116661 991, 21. 8611958, 29. 979, 9. 271, 96. 979,.7

16661661 629, 8,1199.19.92.116,7.11.16919.

Auximum 699, 6. 9. 691, 7. 59999. [8616 elma]

Auximates 69921. 86666666 661, 16.

Axona 296,1.997,19. 86666666666. Via. Aulerci.

8666666ἰί 1691.

8666616 61166 987, 12. 86616666611661 29916.

8666166. Vid. 8661166. Britannia 299 11. 299, 91.-,1.916

A. 8666666 79219. 91921,999969991611919911,

866116 6661627 666, 1. 729 16. 6. 919, 15. 27. 29 911, 99 97. 917, 19.
799, 6. 21. 911, 7. 969 1, 962, 19. 969, 11. 29

86616616 799 6. 956, 15. 966, 7. 8 969, 19. 996, A. 161,

8666686 6698. 66Ι,1Ι.669,2. 19. 2. 699, 99. 768, 2. 719, 6. 17. 19.

861666. V 18. 1166661166. 86116661 999, 19. 966, 9. 11. 96929.

Baleares funditores 996, 6. 6666166 9697269. ¹! 861166ιί666 9691. 768,
67926. 9. 6, .

Τ. 8616661166 967, 91. 8666816166 696, 29. 691, 8. 1916.

8661166. Via, 111666166, 17. 697, 99. 6996 669, 18. 26. 666,

861661 99929 19. 68919. 67911. 67996. 6796.

=. 8616,..6626691 9966,1.1.,9699 19. 91. 99. 677, 1. 619, A. 916, 69.

‘'As- 291, 19. 18. 999, 1....1711999, 617, 91. 1198 11999171, 9. 7797.

 

