ἦ.

rumix

Ι,511111551,.1515,15.111111- 55 5815581 15. 551,51.5 10 557,
1111551, 5. 515, 15. 15. 50. 555, 5. 15. 701, 5, 715, 15. 15.
5111115111 515,11. [781,15.]
1511111111151111.11111181, (11151,1·1.181111111111555,15.
1. 555, 11.50’5,10.50’1,55.50’5, 1. 555, 15.
Β1111111115118.158,11.18.155, 811. (11111511,1.8.515,11.515,
5.155,8.157,.5 115 50 ’115, 1. 151, 51. 511, 15. 100, 15.
10. 1111115100, 11. 505, 1. 558, 51. 505,
8111111111,11111111111111111151111 5 518 55. 515, 11. 551, 5. 551, 1. 555,
1111111113.7.,11111.711,11.171,13.1111111
.111111111515.555,1. (11111555, 5. 581, 55. 58.
Eratosthenes 5’01,55. 551, 55. 515, 7. 15. 815,’ 51. 581, 5.,157
5111115101.515,1.551,15.1551551.555,50.551,55.515,10.
5111111111155,0.55.755,10.15. 111,1.’111,11.111,1.1’.·11.1151.
5111111758, 510155,55.155,11. 585, 5. 580, 5. 17. 730, 51. 150, 10. 115,
15. 11. 1111111111111111·
Euphranor 551,55. 557,15.55.55. 2001116112ἷ1111111115,1051111γῖ 105,
01111111 1111111111 58155. 1111111 11111111 0111111111111555,
Q 815111511111111718 50 755, 55. 1 55515 557,51.51.555,1,“15.57
111,18.5515515515,11.15.11.1’8.50.515,
(1581511155111 571,7.17.577, 5151851155.571,15.575,11,11.
58. 581, 5 118,’58. 155,1.5 158, 8. 58. 575,1.5. 11115115. 585, 5.
1511111111111111111111..111’1..,..11111111’1.181,1’.1.
171,5.15. 115,1.1.1’1.181,55.105, 15. 585, 15. 55511111, 051, mbo, 1.
11. [105 , 1 111,]515, 1.5. 511, 851. 15. 551 ,10. 555,58. 551,1. 551,15.
518,18.775,18. 8111111111 511, 855810. 555, 5. 1511. 558, 55. 51.
1551, 511,18550,7.551,10.55.55.555,5.
1.. 1111111155,15.151,15. 511, 1511. 555,5,555,55.515,1.5.
811111111111115575 1015.1.8.555,15.550,11.551,8.55.555,
8111111155, 55. 11. 551, ’55. 555, 1. 510, 15. 518, 51.
15.51111111585,’10.18.51.55. 1551.515,11.’18.580’,5.581,15.1
551155. 1111585 5. ’585, 5. 50. 51. 581, 11. 18.
8511111.1’111.811111.51.55.588,10.5’1.585,10.50155557,
1111111. Via. 1111111111, 51111111. 15. 558, 55. 105, 51. 155, 1111110111]
1111111111 775 8. 151111 101, 5. 55. 108, 5. 111, 11. 111,
1111111511.11.111,1.11ο,1.111,11551111,
G. F1ogiuor 505, 50. 51. 151,5. 1. 150, 51187, 5. ’150, 15.
Δ. 51111111555 ,.55 51.115,0,111,5,8.117,15.151,1.
51111111505,15’. 155,13.’15.155’,8.151,1.’55.175,’50.
Ω.1151101111111855555515.115,’7.118,15.51.115,0.15.185,18.
555, 11. 510, 15. 51. 571, 5. 555,’ 15. 185, 51. 151, 1. 5. 15. 15. 180, 1151.
1551850,1.518,1.775,55.100,1.51.155,15.151,57.515,51.
C. 815115111101, 15, 501, 15. 505, 55. 510,.5 701,10.’157,
Q. 81151111151751. 18. (1111155555557, tamn.
11111115111111111555,5. 571, 5. 5. 575, 3. 578, 7. 580, 1. 5, 585,
(1.1·11111111155,55. 8. 11. 15 555, 10. 551, 1. 555, 1. 508,
Furnius 710,51.111,5. 15. 511, 15. 3'12, 1. 7 315, 11.’ 517, 1.

515, 15. ’555, 1. 55. 551, 1. 555, 10. 550,
011111101,17.111,5.111,1.115111151111 555,.1 555, 1. 351,

Α.(11511115550,5.55155’518,55. 1.,55511.11.571, 1515, 1551515,
1111111,11.111,5.118,11.’11-11.11’1.1.11.11.3111111111111
51111111 511155. 555,.1 57. 555, 1. 18. 551, 55. 555, 5. 558μῦ

(1111115151. 10 51 517, 15. 15 51 100 55105, 5. 113} 1. (1.111, 15115,
55.518,(5.150,50.110,5’5.711,17.551155.117,15.’115,11.110,8..15 ’
711,7. 5111111.5115.517,17.111,1.111,11.1ο.18.111,11.131,
518’,8.15.55155,11155,5.155,15.1’15,7.51.

(51111551755.555,1[5.,]58517. 118,15’.115,50. 151,’17.51.’155,5.

 

