11331111 837

81111331131331,7,371,11.373,.1 11. 381, 7, 383, 13, 333, 3. 333, 3. 333,
3133313117313333131.1.1.11.111,1’.113,11. 133,3.133,
33313333 3311 31313331333,7, 33. 333313331531313, 33,

31313311 317, 13. 153, 7. Sernp' 133 331, 31.

33131313 533 7,.3 11 31. 333313. Q 31113113133133.333,33(1113

668, 33. 377, 7. 717, 3,,,7313 31131 addend) 753,.8

713, 31. 31131111 735, 3.

311311735, 7. 31. Ρ,31131113311317733
. 3311133 333,3, 383, 7, 331, 37, Ρ. 3313111111 1111111 333, 311111 371,

333,1. 33. 37, 783, 31,

Ρ, 3331133 33313. 33131111 01331111 733, 33.
3313131331137,33, Sestius 773, 33. 783, 3.

31113. 733. Decidius. Ρ, 3113313133,

333131 331, 38, Q. 31311111 333, 7.

313131133333, Τ,3111131831,3111].131,1.135,3.
3115311. Vt'a. 1133131, 133, 3133, 5. 773, 33.
3315113133,13.131,318.133,3,13 Ρ.311111311113313333513,313,13,

133, 13. 31, 331, 18. 573 38 331, 33, 133, 1. 11,

1111311-31.1833313133. 31333311131331.

333,7.15.33, 331, 3337. 38. 335,7. 3131113533,11.533,7-31 333, 6.

333, 8.11. 33. 337, 3. 8. 31. 37, 313, 31313.533,3.553,11.531,18,333,

33. 311, 33. 665, 13. 337, 3. 3. 333,.1 31, 558, 13. 531, 31. 333,.1 33313.

3371, 33. 373, 37. 377, 33, 373, 1. 33. 586‚6. 313, 18. 313, 33. 333, 31, 338,

373, 33. 383, 11. 381, 36. 683, 1. 383, 35. 375, 3. 373, 5. 377, 7, 373, 13 ,387,

1337. 331,7.11. 385,.3 11. 333, 11. 37. 383, 31, 333,33. 633, 13, 338, 13.

133138337333538871117 773,3..3

683, 3. 636,5- 36. 631, 36. 37. 333 3131111313333133331, 13.

11. 35. 37. 331, 35. 38. 335, 8-15. 36. 3133111511, 3. 313, 31. 333, 33. 531,

333, 3531. 3373133877313- 513 13 3311

33133,1.735,3.7,13.33.733,1.11. 11. Silanus 331,3 ins.

15. 36. 737,31. 33. 733,3. 15. 713, 13. Τ. Silius 315, 3. 8.

33.711,13, 713,11, 713, 7,33. 713, 3113, 1111111133331.

13· 16. 777, 36. Sipontum 771, 7.
331113313131113337, 17-31, 565, P. 3111131377, 18, 381, 13, 333, 6.

13. 371, 13. 31, 36. 373, 33· 575, 31, 715, 31. 713,1. 11.

373,13.33.311,31313,’7. 3313333
33333331. Vid. Plinius. 3311131333338,3.11.13,
33331131 133,1. 331133 731, 5. 733, 13.

Seduni 811,3,313,3.311,33, Spinther. Vid. 13313131.

31133311 338,7. Squillus. 713, Licinius.
3153133331. 1.. 3111131133 53313.

3353311331 353, 33. Statius Murcus 371,11.33.
3133311131. 3113113. 7133111131.

8353313 351,13. 33311133113333.333,11,333,1.8,
3353313111 131,18(1113. addend). 15. 131, 13. 17. 773, 13.

113, 3133,.3 33131377, 11. 11388, 7. 3331, 338,
81, 3133133131111111131153,33. 17 333, 33. 333, 5. 3. 333, 1. 13. 336.
Senones 13113. 373,13. 37331. 13. 338, 10. 11, 16. 333 3133 31 387,

333, 5. 533 33 383,.,353,31. 13533. 7.8. 13,15.337,3. 3331133811, 11.

133,1,133,17.111,33,135,,,313813. 3353333331,1.133811131313.

1331153, 3. 3. 3313111131 717, 3.
ῗ1311133333,11,] 33311113111111313331111,

.31111131133313,7.3.11, 11.331,33.733,3.771,13.
31533313333.138,17.31,133,1.3. 33111 Faustus 133,18.31, 713,11.
Sequani 3531, 13337, 1333333, 713, 3. 3. 13. 11.

333,5. 13 -31, 331 ,1,1.13, 333,3, Ρ. 33111333,13.31.33.311,3.313,1,

333,33.373,3.18.33.33.371,13.31. 33133313111 333, 13. 33.

11313111.11.113,13.311,11.131, Ρ. 31111313133131 31331. 133 , 5.

 

