musx

1151511419,.5 89. 445,5. 15.515, isthmus 59517.

11. . 115115 751 9, 575, 18 519, 11, 597,
Hecucliu 5958 77. 519, 11. 15. 511, 1. 518 7557 591,
Hercules 519 7 518, 15. 795, 18. 79. 587, 5. 499,7. 1151. 52ss 499 18.

785, 75. 1’19, 5. 15,7 4. 458, 11545, 19 491), 5.
1115555515 siiuu 595, 75. 595, 9. 19. 197, 11. 17. 79. 591, 7. 499, 18, 497,
Herminius sucus 951), 11, 5. 198, 79.78. 199, 5. 599, 19.71. 598,
1119155155597 7. 5911, 5. 17 517, 7. 518, 79. 559, 55,
1155555575,9.575,5.5.15.79.555, 515, 19.· 515, 78. 519, 17. 551,15.17,

77.579,79.577,9.79.579,1.7.958,7. 1855551.597,515].591,11,595,51,
Hiempsal 991,77. ,598,19.11. 599,19, 57915, 515, 9.
Hipparchus 158,1. 19. 15157, 9. 575 , 577. 579,1.4. 581,19. 585, 7.
Hippo regius 719,15. 595,19.997,1.994,19.79. 995,1.997,
Hirrus. lid. Lucilius. 17, 919. 5. 557, 18. ⁰⁰⁰, 8. 991, 7..77
Α. 1115ῐί55789. 787. 788, 4. 7. 79 975,4. 995,.9 17, 795 71. 717 ,5157
5155515519, ⁰. 547 75 955 75 955 718, 9. 775, 9. 11, 751, 79. 757 75 798,

11.75’5’,11.758,.1719759174977 77159,17.799,11.75.777,15 15.

751,18.747,7.775,4, 115115555851,1)84,14.

1115, 5515759, 9. 519, 8. 559, 9. 595, itulicu 51779. 11511555515957,

1,157,4. 599.1,515,5875’,,’5Ι44 7.’951,9.,.1.’757

579, 59. 555, 5. 559, 7. 17. 557, 1. 5. 151. 1155151197, 17.

551, 74. 558, 11. 555, 71. 591, 1. 558, liius crtus 549 79. 551, 15,

511. 589..9 997, 79, 959, 4. 551, 77. Ity cuci 974 75.

959, 51 999, 77719, 5. 15. 718, 15, 15155499, 79.·559, 79. 551, 7. 558, 5.

75⁰,⁰. 115555155199159991. 74. 55979. 55571, 5577, 951,19.

555,8. 559, 79, 555, 51. 598,11.91)5, 997,71.977,11.19.59.1989191981,

7. Hispum 597 19. 518, 7. 559, 59. 79, 987 75 999, ’1. 15. 997, 11. 75, 994,

575, 19. 959, 51). 979, 17, 98575. 8.,9995. 5- 15, 999, 5. 799, 79. 791,

111511555555555155 519, 74-Ι , 79. 799, 7. 711, 7. 19, 715, 77. 715, 7.
11155 551551151155551, 79. 591, 75. 71. 717, 75. 778, 79,

515, 119.[77,]519,“.5 5111. 11. 519, 75. 1511555115 caesaris 759, 19. 19.

59. 518, 79. 955. “.17 957, 5. 785, 71. 1511515559), 1, 711, 58.
11155151551155155515, 15. [75.]545, ’1555551971 ,75. 985, 1. 78 797, 19.

18. 5111, 51. 959, 4. 557, 78. 717, 7157, 799, 79, 797, 5. 719, 17.

75711. 71. 757, 18. 797, 59. 781, 17. 19111759, 71.

Hortensius 795, 7. 7. 11. iuncus 751, 5.
, 515515559775. 594,5.
laetaniam. 1515517517. .

·-iudcc1iui 919, 55. L. lucius Paciaecus 719,11.

155155115555797,7.795,187954. luuu 759,11.

’ Iceni 55977. Ι 515513915519.
igilium 511,18.15ι’5 mous 559, 18, 758, 71 599, 5.
1355155199, 75. 5991. iguuiui

199,7.7 Q. Lubeciuu Durus 55717.
liccciu 51579. 515,.9 515, 1. 517, 715515555751, 9798, 8 15-77,

55518, 59. 519, 1Ι. 571, 18. 577 77 791), 9 scimus, 19. 599, 8. 517, 8.

554, 15. 577, 19. 579, 8. 551, 5. 11. 515, 54775 5487 555, 7. 55479 59979.

59, 591, 15. 595, 75. 598, 79. 574, 919.
1115155555555555755, liiurgu· 577 ,71. 7577. 989,8,..918 181, 1.

utinensis cohors 573,17 581, 5. 18. 75. 79 585,.9 18. 51). 599,
11115155551911, 511,79, 559,9, 1575. 175,5.158,4.1775.159,19,

597,4. 991,59. 91917. 59.517,1.,5 19. 141, 71. 18. 75. 157, 71, 558, 19.

25 518, 9. 178, 19 19. 787,7. 17.,559 75 194,19171,19,,175,9 475,
1511575514.1.489,15.191,5.19,17.591,19579,
indutiomarus 55919. 15. 77, 551, 5. 5. 575, 75 574,1. 991, 7 999 78979,

7.17. 597, 19 577, 79 579. 9. 19. 589, 77. 971, 75 977,-1 11. 975, 51). 971,

17...157951.,581’5,..5,858 14 5895 [5]877 975 17 97719899587
1115597, 5. 519, 71. 75. 585, 15. 78 989, 7. 11. 991,1. 7. 17.

cucur, sd. 7115551979.

 

