matta

(1.5155551155155555.55)555,15.
11551.511,17.515,15.155,15.

1.. 515151155511, 5. 777, 15.
51. 5151155585, 5. 585, 55

55. Mancellus Aeserninus 555 15. 515155 7585
1151551555575855. 18. 755, 5. 755,

15. 555, 15- 557, 55. 558, 5.
51555157551.
5155511 aegea 755, 55.
51555155. Va'd. 55555.
Q. Marcius 75515.
Manciae (15155557557.
Manciae 115155 555, 5. 7. 551, 15.
Marcomani 588, 5.

’5151551511555555 5151551511155

555, 23. 58.

55115 575, 5. 11. 757, 5.
Minernniaata.mammatae
51155515 uia 771, 3.

L 5155115155 utineam? 17. 51. 555,

C. 5155155 57515. 585,.5 585, 55. 57.

695555555151 555, 15 555,15.
Mans 351, 15.55.115,15.171,15

C. Nmaema Reginae 75151.
51155515555155 555, 5.
5115551555115551, 55. 555, 8.55.

515555 55155. 5555555155551, 555, 1.

1.

515551115511,17.55.515,1.15.53.

551155115155 555,5.15.551,13.
Mithridaten Pergamenae 558, 3. 51

55. 57. 551, 57. 537,5..,5538 5. 555, -31. 535, 8. 11. 15 555, 11.
15. 555, 55. 558, 53. 5155511155555 51555 355 5

511, tam. 515,.5 551,18.555,5.5.

5155151555, 1. 515, 55. 557,1. 535,

5 55 558 5 15. 13. 55. 58. 55. 535, 15. 15. 355, 7. 53. 517, 15. 55. 551, 11. 155,
555, 5. 11. 515, 15. 55. 515, 1. 518, 55. 15. 551, 5.

555,5.15.

55511555 155, 5.

Matrona 555, 5.
18515115155515.557,55.558,18.755,

5155155355 378, 55.
51555 3351851. 531,1. 335,55.

355, 5. 551, 58. 555, 55.

515511717,1.
L. 51555555 Flaccus 55175. 555,

Mauritania 555, 15 515, 3. 553, 15. 1. 758, 15.

551, 5. 51. 555, 15. 575, 5. 17. 715, 3.
7155555555. Vid. Fabiae.
Mazaca 555, 15

L. 1155551155 Plancus 55115. 555,

7. 511, 75. 555, 55.

515551155755,35.
Munda 755 15. 711, 18. 755, 5. 5.

515115515151555353,5.555,-51515 5155155515755 ,55. 735, 5755, 58. 755,

diomatricia).
51,5155555555513. 51515555555-
55555515.
515111 santa.
⁴ 115115155551 138,55. 185, 8. 555 5.
5 , .

C. 51555155751,15.155155785,

4’5151555 735, 5
Menander 783, 55.

55.781,15.

5155555. Vnt Statius.
515555 785, 5.
5111115555 517, 58.

Nabataei amans.

Nammeius 555,17.

Namnetea 315, 55.

555155155511, 5. 15. 315, 15. 535 5
marinam, 5. 155, 58. 5151 5. 187,

51555 [5115515 515, 55. 557, 1. 555, 5. 515, 5. 518, 53 785, 55.

11. 17. 55. 53. 355, 55. 558, 3. 5. 385,

L. 5155111155 538, 5. 53. 55. 58. 755,

51. 385, 55. 581, 5. 7. 15. 15. 585,.8 1.,.7175 5551115555555,5.15.

555, 17.
1555515555 581, 51.
menenius 351, 53.
L. Mergilia 555, 1. 553, 5.
51. 51555515 (cans. 5. 51) 555,15.

27511551555515575 55. 711, 17. 713, 5.

messeanam, 7. 515, 51. 58. 575, 55.
C. 51555155 585 15. 18. 587, 15.
Metellae 755, 1'.t
mainilhamant

115555 577,15.

Naap aetas 581, 55.
11555515155555155.

1155115115 Africae 555, 5.

Nemetae 588, 7. 355, 55.
Nemetocenna 187, 18. 551, 5.

Nep aa. Vnt. Corneliae.

71. ι511555 537, 18.
Ν55511553,17.355,15. 55. aot. 5.

15. 18 555, 5. 355, 15. 357, 5. 15. 555,
3. 551, 15.151,1.1ο.17.515,11.11.

’51

 

