11881111

11. 2118 2581227815. 515, lt. 581 ,28. 588, 8. 587, 8. 588, 18.
Cu. Piso 1818117811. 18. 58818. 588,21. 581 ,828 588, 21.
2118 Aquitanos 881, 18. 588, 28. 5,87 1822. 588, 8. 27. 58818.
Placentia 888,21.787,21. 881, 8. 888, 18 28. 812. 21. 28. 818,18.
C. Plaetorius 818,8. 112828. 811,82. 815,1.8. 1828.
Plaetorius 1181118881 71811. 817, 18. 828, 21. 828, 21. 855, 8. 871,
2118881. 2111. 118811181. 8. 878, 28. 721, 17. 725, 12. 728, 1. 788,
Plautus 785, 21. 1. 15. 111. 73817.
21888811188811. 88.288188181181818181888,
2118181888881181758, 7. 18. 28. 25. Pompeius 1111111 718, 25.
218111 rogatio 758, 8 11. ss.p Pomp 8181 Niger 782 2
tl. 2181181571,.8 288888181818, 2822. 288·
Pollio. 2111. Asinius. 88111881818, 25.
28888181751,8.11. 2881111581, 5. 18. 818, 7. 21. 818, 5.
(18.2881881818281882, 1. 8. 188, 8. 858, 28. 27. 858, 23. 888, 18. 881,

18. 1111111118 18215828188 18.11.28.881,1,.8 2888881881,

18.181,1-8818515. 1718111828 8..,8815 18. 21. 58 818,.7

187, tt. 18. 188, 8- ,18. 188, 2. 8. 18. 281188118181111172225.

15. 588182127. 581,17.582,8.588, 28118881. 218. Fuluius, Rabirius.

8 7 15. 585, 1821. 58888 18587, Pothinus 821,1.821,8.

8-88. 588, 11-28. 588,2. 1. 28. 518, 211888118812111. 81181181.

18. 28. 28. 511, 15. 28 512, 8. 518, 8. 218118175827.

18. 511, 8. 528, 28. 528, 18. 28. 588, 18. 21888175888.

581,11 588,1. 515, 28. 518, 22. to. 2188111882118171181181.

558, 27. 551, 18. 588, 8. 581, 8. 585, 5. 2111811 32828.

587,28. 5811, 1. 1. 5. 25. 28. 588,2. 8. Ptolemaeus 81181 58828. 81888.

21. 578, 5. 11. 571 , 88 572,8. sto. 828,28.82Ι,7. 1825.822,18.821,1.

18. 578, 1. 8. 8. 575 , 18. 578,1. 28. 828,12.812,1. ·

578, 28. 578, 8··-21. 581, 5. 585, ll- 2181881181818111118181818,18.

588,.2 588, 28. 581, 8. 18. 582, 8. 17. 828, 27.

588, 1...2811. 27 5818. 585,-8 25. 218188111818 28

588,17.587,28.28.588,7.182825. 28181181. Vid. Clodius.

588, 11. 888, 2. 18. 18. 25. 888, 7. 22. 82888872, 8. 11. 17. 878, 2. 8. 18.

81. 881, 8. 11. 18 28. 8855· 22. 888, 588, 1.

8812 8872 818 811 11. 812,.8 1..288181588,1828

11. 28 818, l. 821. 811, 18. 21. 815, 2818811 ooo 21.

. 8.817,18-8Ι8,8.828,1. 11.82Ι,18. Pyrenaeus 111181578,15.28188111

822, 28. 825, 8. 7. 815, 28. 817, 1. 858, 11181181 288 8’,111181518,8.

8851, 18. 858, 11. 851, 28. 25. 8551.

81188822888818118281718, Quadratus. 2111. 1781818881.

5.]787, 18 788, 18 778 5. 778, 8. 28. Sex. 8818111181 711815887. 552,

88. 771, 8. 17-25. 775, 18. 778,7.,778 7.11.

15. 28. 28. 788, 18. 782, 8. 8. 18.

2888811181 588, 8. - 11181118128118881888,25878,18.
(18. 2888818181181585,1.11.581, 7787.

18. 871,25. 8782821. 71721181 L. 111811181 851 ,25.28. 852, 888.

512718,11-18.111,1.1.11.718,3. 82.

18. 21. 721, 8. 11. 15. 18. 722218 28 1118811181 581 18 885, 18.

28. 728 , 12· 1828. 721, 8121825. 11188881 18818.

7281728, 5.11.21727212,15’.18. 11181181258,18,,.,272788512158

728,2.1.218.28.728,7.12.781,8.12.

782. 22. 25. 788, 18- 25. 781, 8. 787, Rebilus 211881111181.

2-12. 78828. 788, 15. 1825. 7181 11888881 818, 5.158,11.

7. 15. 28. 28. 712, 8. 718, 1 78821. 118881. 2111111111.
881. Pompeius 718, 872811. 788, Reginus. 218. Antistius, 1111188111.

21. 788, 2. 788, 28. Regulus. Vs'd 1118181188.
Pompeia 71811. 88812821 111,1.111,1.111,1.
111,1111111’81,11.111,11.11111.1111111111 287, 18. 288 ,2.,18

 

