11001111 ’ 800·

21. 371,3.375,0.7. 10.21.370,2.377, Verbigenus pegus 271, 0.
812. 11.22. 300,11. 101,25.100,5. 75555551551155555 Aruernus 151 ,
707,1.700,10.22.773,11.780,17. 10. 150, 18. 157, 15. 150, 2.
Tullius 115155 710, 21. Vercingetorix 108, 5. 110,10. 21.
71751Ιί55 720, 22.727,0. 7. 111,8.112,17.20.113,15.111,21.22.
Tullus. Vsu. Volcatius. 115, 25. 110,23. 117, 27.118,1.120,
755οο teus. 17. 10. 121,21.123,1.121,0.125,5.
Turones 310,13,Τ555555108,18; 11. 22. 120. 3. 131,12.13.1,8.,130,2.
'l'nronis 150, 8.’187, 0. 137,0.112,7. 1220. 111,0.115,7. 15.
Turpio. Vre. 1151151155, 117,2.1.110,2Ι.151,11.155,13.150,
rasurum. ' 3.10.151,1.150.12.18. v
Tusculanum 780, 28. 787, 1. 22. C. Vergiliustiltt, 10. 21. 25. 038, 2.
Tusculus. Vsu. Manilius. 707,21. 20. 711,8. 0.715, 17.
Tuticuuus Gallus 000, 20. 7555555351201,2.300,21.301, 13.
· Vertico 373, 20.375,21.
7555155 332, 22. 75505555 108,20.
ngn 701, 22. Verucloetius 250,17.
C. Valerius Flaccos 285, 21. 75555115 277, 18. 278, 5.
75155155 Flaccus, L. 01155, eius, qul Vespillo. Vid. Lucretius. Ι
praetor ,151555 obtinuerat 501, 21. P. Vestrius 000, 21.25.
L. 75155155 Praeconinus 323,2. Vettones 513, 12.11.10.
C. 75155155 (1505555285,23.113,11. Vibius Curius 500, 2.3. 771, 3.
C. 75155155 05555155555113, 11. Vibo 010,20.017,1.
C. Valerius Procilius 207,10.285, L. Vibullius 115755 501, 17. 10. 505,
2328011. 0. 511,15, 513,8.500,1.27.571,20.
75155155 500, 7. 11. 21. 572,27. 575, 13. 773, 30. 32.
75155155 adolescens 730, 23. 715155 751,13. “
7515115555 123, 27. 71515515 010, 21. 020, 1.
Λ. Valgius 721,15. Vienna 111, l. ,
Valgius 755, 23. Vinicianus. Vid. Coelius.
Vangiones 288, 7. Viridomarus 127, 18. 128, 12. 120,
bl. Varro. Vid. Terentius. 0.130,8.137,5.11·1,20.131,10.
Α. 75555 573,10. 7551515551 321, 5. 0. 13. 322, 5.
Varus ssuuren 530,3. 5.17. 7115 050, 13. 11. 17. 23. 057, 7. 12.
Varus. Vsu. 111155, Attius, Quinti· 710,3.720,2. 151115.
lius. Vuelli 310,1. 317,10. 321 ,1.150,
T. Vasius 052, 1. 15.
1175115155 187, 8. 573, 12. 20. 011, Vocutcs 321, 15. 320, 20.
21.010,8.017,21.018,10.1830010, Vocontii 201,10.
10. 27. 000, 10. 710, 17. 708, 17. 755115 2811, 12.
7511515555 018,27. 30. 010, 0. Volcae Arecomici 110, 2. 113 ,0.
71511200,2.320,21.332, 11. 13. 333, 512,10;1“551555355 305,1.
11. 330, 10. 338, 0. 20. 380, istm& Volcatius Tullus prater 771, 21.
387, 3. 307, 3. 8. C. Volcatius 'lullusstlius 307, 12.
vennistnrsturesumeretur, 5οΙ,11. “
7. 733, iti. chbenses 728, 23. C. Volusenus Quadratus 313,20.
3.75155155315,2.0. 330,13.310,2.311,12.101,7.171,15.
circumens. trunco-tuusne.
Vellaunodunum 111,23.112,3.113, 1.. 7555555372, 8. 12. 15. 373, 5. 7.
15. Vosegus 332, 21.
7515555555201,2;751115555515150, 75555 732,25.711,22.712, 0.
11 · 751115555555 105, 3. 755555555555 720, 11. 12 ; Vrsaouen-
ieneneeuntn. venenatos. nsuennr.

315,2.1.310,1.317,20.320,18.321, Vsipetes 328,2. 330,8. suus. 338, ,
5. 20. 755511555322,1.330,17. 5.101,10.
Ventipo 733, 18. 755515 713, 0.
75555 750,21. Vtica 510,1. 51025. 550,7- 10.
Veragri 311,2. 12. 312, 0. 27. 551, 6·- 15. 557, 20. 558,11.27.

 

