INDEX ΝΟΜΙΝ VM QVAE IN COMMENTARIIS
ΕΤ FRAGMENTIS LEGVNTVR.

111111111599,19.594,3.1111111559. 549, 18. 559, 8. 554, 18.
1111383, 9155, 93. 198, iiius. 558, 11. 598, 93. 831, 19. 99 539, 11.
1111111584, 8. 15. 599, 14. 15. 18. 549, 99. 551, 8 553, 99. 555, 4.93.

593, 7. 595, 7. 518, 1. 777, 95. 559, 5. 95. 573, 94. 95. 574, 13. 575, 4.

1111111155115. . 5.9. 15. 575, 8. 577, 9. 578, 5. 15. 17.
1111511519, 5. 11. 591, 195. 93. 583, 7. 589, 91. 593, 99. 591 ,9599,

95. 599, 191. 894, 515. 895, 11. 15. 94. 755, 4. 758, 11. 717 ,11119799 5.

538,.9 15. 778, 95. 779, 4. 9. 14. 781, 9. 785,
Achilles 7399 18111158191111111353,
87111Ιί11 571, 1393. 584, 11. 19. 19. 555, 99. 577, 78. 91. 111111111
111111889,8. 15. 1819. 887,18. 151,17458813.

94. 709, 99. 1111111111 589, 94. 1111111111 195, 1. 411 ,91.438, 14.
Acutius Rufus 597,99. 439,19.441,93.

1181111111 591, 19. Aggar 751, sios, 1. 797,95.
1111111111 394,1.11. Ahenobarbus. Via. 1.. Domitius.
Adiunctum 559, 1. 3. 588, 7. 9. 875, 111111 1111 754, 99.

19. 575, 98. 889, 18. 99. 587, 98. 898, 11111 ad 1111111 Fucinum 551, 98.

14. 17. 95. 899, 9. 15. 17. 755, 35. 713, 555, 95. 774,.3 11511111755, 1. Ι

911. 1111111111718, 95. 115111751, 39.

11111111399, 8. 401, 98. 91. 115111511, 93. 591 ,91. 599. 5.93. Ι
11111111991, 3. 399, 93. 397, 13. 537, 93. 539, 94.

358, 91. 383, 18359, 1. 4. 17. 379, 111111445, 15. 91. 95. 449, 95. 151,

99 389, 99. 399, 18. 13. 18. 154, 9..7 155,.5 457,1. 159,
1131111111 588,4. 14. 489,1.589,19.

Aeginium 895,91. Alexandria 451, 3. 581, 95. 818, 93.
Aegyptus 554, 8. 555, 15. 519, 3. 99. 519, 3. 895, 9. 13. 93. 891, 4. 11.

599, 5 595, 19. 898, 5 538, 8. 19. 541, 18. 899,1.5 18. 99. 593,1. 11. 894,9

33. 819, 17. 31. 558, 13. 884, 19. 759, inf. 595, 19. 598, 93. 835, 3. 99. 531,

99.785,93.751,7.19.779,18.778,.5 19. 8391183393. 1111111111,

11111111758811 115111111585, 95. 33. 844, 35. 859,.9 889, 99. 777,

14. 581, 17. 899, 95. 593, 14. 597, 97. 19. 778, 19. 789, 97. 789, 98.

531, 3. 757, 99. 111111111111481, 17. 899, 4. 18. 891,
11. Aemilius 989 4. 13. iius. 895,18. 598, 95. 897,15.
1111111581, 13.17.95.599,19.595, 95.598,.9 19. 835,.1 831, 13. 539, 5.

19. 111111 58191. 834, 9. 19. 31. 535,9..14 97. 535, 1. 5.
1.. 1811111513. 514, 18. 19. 515. 537, 9. 98. 538, 5. 539 ,..[1]35 545, 8.

518, 9..,9518 99. 519,7. 19. 35. 595, 18. 19. 95. 541, 9841. 5431. 544,

18. 99. 593, 17.93. 591,99.595,18. 97.778,9.11111111111789,97

598,13. 597, 99. 99. 598 ,91 599, 3. 1111111115891597.

1193. 535, 7. 7. 94. 531,8.15.538, 1111111855, 91. 878, 13. 883, 4.

19. 545, 97. 548, 1. 4. 14. 557,98. 515, 587, 97. 779, 7.

94. 751, 95. 715, 4. 8151111111- 11115113119591. 3. 4. 951, 17. 989,

111518, 11. 518,9. 5. 595, 95. 597,7. 3.,954 9 15. 971, 99. 95. 984, 8. 311,

5.98, 15. 531, 4. 533 :0:287228. 3.311,1.5 4434818 5949591,

9111111111181541815191.

Ι

 

